142.5470349	844.6044867	1002.415867	362.4783879	463.5029962	153.6270214	1244.204839	777.5067795	4.734185105	572.3482302	596.1320341	1213.858654	1502.98995	713.7696309	811.0485965	62.54506587	1174.593024	910.3021428	424.5504931	561.7428012	836.6165753	1472.477255	436.9920116	586.3274272	250.0315199	199.5892664	353.82494	1487.53332	279.1598436	393.2092133	1488.922162	1476.705067	1324.270563	1381.608331	868.2289918	12.92351874	532.0826666	563.6622082	453.0926534	892.5488806	789.7106542	48.76520623	226.5995636	736.7965607	1023.302551	1387.148597	1374.36674	634.479245	1034.683965	1428.973871
163.6251869	1372.079832	1538.006192	182.4359101	0.366742698	20.99792339	142.5940203	1887.188138	1085.264276	862.7434004	1352.614503	1283.685204	1888.129676	1062.154801	1015.866625	0.220264095	1856.506776	419.3950205	1371.887512	1765.461647	1911.804601	722.18594	490.1282278	1294.816555	1934.717865	1907.870115	1720.206412	1600.831927	1867.395725	1431.367822	114.4711516	1877.933584	1941.822425	980.8623761	1352.046277	1104.468521	36.72930081	1801.858912	1097.701888	760.9899861	0.215093005	816.3850566	0.963005626	1620.169104	267.8233287	1641.232545	1331.205289	16.04153875	1160.76664	1140.630647
26.0140622	147.2020224	220.2903698	77.98625911	92.81397035	229.7202888	241.5088713	293.147654	280.5298151	355.5287079	451.511843	548.3189477	77.70037938	323.9887676	28.53264188	587.5279081	141.9476781	209.9077156	301.81143	176.1209231	501.5390858	593.2629195	414.4057733	557.5755085	437.7815363	308.908111	167.2633962	78.49960053	108.9093319	578.5732398	184.0675029	255.1711107	51.33078494	153.4791554	222.5715976	448.9306306	431.4885009	554.8564497	593.2202201	584.9231632	89.33838551	63.04076925	351.2632788	597.7021809	596.391248	406.5759148	599.0465242	472.2776943	127.5019512	447.4214272
796.5652587	1250.011608	1878.546324	611.7540782	1151.700065	1112.792754	1286.531033	1922.228066	1786.961141	1757.236526	1851.341618	1406.162749	1814.053711	1873.446445	1568.27744	1131.924993	1645.413072	1878.825508	1726.365315	1910.36121	1853.538432	1865.658383	1109.431968	1806.387977	1905.742436	1505.952202	1415.762911	1436.574293	1410.84481	1348.970924	1657.466042	1902.843657	1903.631188	1679.816129	1644.056015	1306.394137	684.1952329	1897.417007	1890.274848	874.2577632	1890.25273	1140.263142	641.8020252	1763.880351	1751.223943	1896.667233	1795.756484	1216.118713	1812.306329	1906.118012
36.68919513	66.23748549	59.41367778	63.63030652	36.69232456	68.84850548	48.05925808	70.83404495	55.19379974	55.1534529	62.63441226	51.44507114	65.21380666	70.03653601	56.91512496	30.34405024	57.40949667	50.2589001	68.80726582	67.07984828	37.77941081	68.14783094	51.94328335	54.00150197	70.42084947	70.21359124	68.23163191	68.1554068	46.42678019	66.97755879	32.10894913	66.95344881	69.65517866	70.0760725	62.85550535	31.54625645	39.12282946	49.54392432	68.97020984	66.4477554	32.33173597	31.69856059	52.46545384	70.16877104	69.38874226	70.28189759	69.92633249	46.94885102	70.02140572	68.71570007
185.6251048	87.62879086	284.3425299	136.8599797	253.0363134	245.6553395	40.18407115	300.7788102	298.0788886	255.7512995	160.5381943	284.4142191	1.126807102	263.2226462	47.41124815	22.164041	282.6163279	168.3901973	292.214104	193.2343301	94.03360277	181.2062312	19.56202794	233.8457253	294.1344748	215.5747716	202.0847165	224.6086885	288.4913477	252.5768311	163.3587689	99.29467206	179.071566	136.3803351	280.8998162	230.5082291	238.4429497	293.4164428	185.8543581	284.5640329	291.1351645	9.604295299	237.0389467	161.1049375	295.0249911	254.6756074	249.6058445	250.5670636	291.6196137	298.7885909
959.4159649	1741.977535	1260.460119	2194.168197	2191.999203	1052.290532	497.3079705	2219.289226	2155.692003	2016.594331	1268.272646	2151.473684	12.63501328	1748.100352	276.9902817	278.6854534	2161.596415	1205.891405	2195.993401	2061.024455	201.1512073	2121.730902	103.8953841	743.8355097	1958.715916	2036.658782	1120.453538	2131.871641	2115.476288	2123.383431	1084.130956	827.3275413	1061.134864	666.7214175	1171.708119	1277.825051	1144.654925	1787.830032	1446.486241	2168.145139	1813.912133	143.1594574	492.7224635	586.7637941	2159.4074	2060.674205	1491.052336	643.0067431	2163.854345	2191.069674
95.11889162	161.2055052	174.6570577	169.4030033	134.0497179	130.5831975	96.8292412	177.2033999	161.0219647	173.9791683	172.3764737	137.4111117	178.8539795	105.528404	66.88737462	13.05118631	64.15424018	155.5106117	176.5776177	166.3129618	174.1351251	178.2910801	127.3311075	79.53818648	177.7226898	96.380698	128.2590406	107.4941871	175.2662586	159.9933417	176.3492654	175.9256065	164.1116297	116.9938515	160.8979258	140.127801	120.8773754	174.6475367	153.373699	129.650517	108.7573434	66.4241038	164.0805381	146.1862688	176.7266575	175.6656021	142.7371091	89.68724438	178.6322298	116.0422733
1291.356013	4912.634681	6570.78025	4869.771513	7070.965141	5711.886488	4473.057381	1138.031396	4973.928121	7282.47071	7085.026026	4808.57419	2001.160984	0.387124337	650.5175599	5774.137465	4427.418466	542.2922801	3556.492704	4748.764647	7004.911928	1638.392477	7060.211742	3612.536093	7200.249722	1086.745481	6249.777849	136.6166363	7202.794606	3724.898212	5677.834937	4662.618765	0.026848985	5302.307513	5323.444305	6722.825982	7247.624858	7175.802453	471.8074136	7186.743853	7197.512423	6920.240651	6271.580147	1596.703316	2824.548363	1495.207152	4631.290724	644.8619684	260.3566488	503.5415002
36.7699479	136.6750179	188.0143358	183.1360832	213.1573055	336.1719051	107.17643	195.819083	297.4500326	385.4067772	380.1644197	208.4231159	103.4219721	0.274801443	191.5952977	76.33644077	336.5066217	45.67418674	212.0410843	356.1506065	331.5725493	152.6764897	379.2311377	361.5873477	274.387717	51.51269808	364.2960395	19.36663685	380.6948841	143.5778129	220.8911603	251.4129085	0.076715408	289.9600968	244.3012027	354.7439616	384.2477907	144.2855419	53.71611149	368.2800489	361.6406373	376.4868604	368.3699534	158.9280347	201.7272856	53.59262936	380.3796285	72.52355636	51.72764516	137.5621595
61.23799913	110.5706132	171.4344709	118.2202905	89.39568322	169.2427941	109.9263026	64.49265022	179.1412999	90.11697223	176.1620757	142.6750422	97.72827861	175.4382496	172.4027614	60.80193966	63.95439595	57.37037555	169.5809882	86.15705599	108.4838034	177.9138094	177.7938466	142.9705934	175.7941056	165.0076874	155.4026697	167.5186066	85.86130477	172.3095049	73.92310035	161.1263856	97.99733842	126.1208622	177.7350292	43.43153645	179.1907284	125.2169734	97.7256731	141.1426007	68.65855122	67.4943811	170.7276781	148.6975631	106.9489746	175.3890977	128.0869579	111.296817	59.92920045	130.2364041
890.8497551	1483.478595	2707.53592	2825.726474	67.095877	461.4409646	1988.912951	2966.640789	1951.138711	1330.001897	2949.176405	1789.637222	1638.438564	2945.64639	1014.506257	26.19507882	2736.985808	2650.008665	2928.306543	1408.581386	2923.619642	1948.227741	2759.049575	2014.992812	2900.323726	1371.365644	2875.466784	2835.853875	2885.801543	1091.622414	1496.314955	2648.968586	2658.261864	2850.890575	2918.170545	892.9670919	324.2214285	2747.884107	2904.758504	1808.577274	116.7411348	1123.962486	208.7342619	2882.713487	792.4603374	2966.332166	2876.2307	197.5208898	1530.675041	2251.957454
246.7171893	373.0748015	595.5102496	283.7538935	22.34595995	112.4671405	508.9419115	599.8178545	438.8179929	507.9709914	593.9902094	344.005166	579.1927278	408.9174826	566.8690836	11.19057555	309.2506901	325.1201989	542.2262114	597.8142611	597.2819193	363.9768464	231.0482737	270.3944898	579.4506976	568.8506288	603.0819205	556.1207734	133.1668905	596.8317139	256.1031081	597.0085948	451.8981077	452.4185836	457.423186	402.2656866	100.4136685	267.5293717	393.587126	538.99655	8.605663589	187.5986429	21.34379588	407.4164275	599.3724347	601.5107736	496.1060749	60.77205334	552.2273356	398.0231532
1907.766906	910.027135	820.9753963	749.2558491	2356.202617	853.6786774	314.762277	2537.010766	1935.704098	1351.378175	601.7416997	1236.958769	4.573021096	2485.692888	85.0388835	132.8973999	1977.803268	2043.571249	2504.179573	1762.223689	432.4904341	2254.27033	27.48612315	387.9720162	2454.868467	1704.489677	907.8360054	1237.459831	2380.971883	2390.736476	814.3591594	2318.775224	1923.928084	639.4278339	2493.650337	2201.230562	2324.981027	1820.032696	996.8003914	2497.759316	1366.169342	25.59674746	1258.002836	854.7176805	2430.070906	1155.776197	1125.709488	2137.640775	1731.397849	2446.15101
1878.755809	2342.287555	5112.406957	5627.922071	8376.784953	5011.085462	2521.465936	1277.599626	7974.503663	9051.969413	8621.08211	5830.687122	2004.753152	143.7588085	1413.470045	2396.039122	7015.958911	988.7547811	5146.429754	3506.955101	4938.192439	3020.765624	8963.698802	6768.498724	7881.255182	3068.395103	8527.985045	462.3021399	7693.677921	5834.983589	5976.635501	6670.539431	56.83123947	7586.089768	8565.000933	8195.068206	8740.370453	3786.776329	2051.800444	9018.987556	7574.439824	6129.639952	4237.781802	3810.892695	2027.559621	3760.514101	9009.054678	2120.06947	1985.13807	4113.302364
1037.721775	846.0036271	914.0739605	1404.456966	531.1375453	693.0237153	1180.182405	553.1626201	423.9613712	1359.233892	1491.287025	795.6372133	318.4281476	1478.830554	1410.873605	822.8061756	1438.932511	1499.553685	1268.013856	87.11463678	1520.827721	1514.085154	1492.363889	514.2095028	262.4166444	1509.583382	1051.678219	450.58685	56.73973937	1507.67256	376.0671979	992.3631509	591.6392728	0.65731547	521.3973576	817.877906	1485.91637	362.7814536	190.0350641	730.5397674	1450.365578	721.088349	569.6983598	1468.75314	61.27198904	368.5404938	433.2079038	169.7926618	278.6585474	285.8901394
850.7013189	4236.786857	3905.197001	855.2877296	54.27927912	568.6402623	2944.063247	6661.294559	3851.663203	3385.118313	7017.674929	3677.06477	5127.838425	5254.574971	3922.405489	27.49482785	2439.384908	2663.576427	4849.125552	6362.550301	6940.999336	4587.259397	1918.671603	5531.762198	5505.664194	3742.974457	7051.818351	2797.600617	3033.93358	7050.759036	907.4463572	2379.063373	4747.333398	2528.230456	3042.322268	1668.277753	652.6828673	4374.639357	7037.534027	2085.071573	41.28354891	2166.99932	140.5208645	4056.805355	1938.038114	5339.734617	6187.655016	522.7785321	4130.981377	2905.609735
1205.17856	1007.906867	2842.828319	1210.411865	1163.247953	627.3972282	1416.277238	2885.145428	2629.631132	2788.152266	2732.056939	1715.030202	2584.614439	2722.220761	768.8644508	229.1986248	1873.905117	1014.90666	1878.472807	2510.423885	1814.794459	1853.307761	1245.075343	2734.353615	2887.714252	2809.431004	2870.094739	2015.064022	1268.871055	2572.985605	2108.202238	2501.460247	2217.182006	1281.825358	2842.119346	1235.26958	1076.292329	2862.667445	2186.612967	2764.369479	2325.993582	640.1549968	1824.396673	2476.612326	926.6593093	2366.855778	2839.736833	1656.244794	1776.317908	2787.596203
3223.268369	4451.056094	2393.39852	4230.740393	5341.659879	5629.213446	2799.422882	6422.726625	5801.081336	2454.851338	4223.178656	6066.954761	2984.279205	6389.191	2364.269149	236.5552823	5543.897476	1852.142012	6360.84072	6085.969033	2477.807601	5413.481999	1616.71196	2021.744353	5516.227768	6385.847422	2799.004251	2022.904888	5695.511947	4353.516079	2221.551857	6397.555783	6338.871119	3326.618324	6256.393371	4734.66052	2447.049662	5697.942265	4473.727262	2998.083298	1464.601312	1295.944091	2766.344093	2092.730223	6218.967306	3481.932243	3870.241045	2593.013534	6283.376289	2402.765313
715.7845301	693.5026217	1273.002299	2096.182533	1191.657048	2050.513935	2109.792253	1593.311813	2106.546924	2170.788185	2140.60256	2143.414764	869.7943994	74.20659235	681.5092387	1230.456505	1580.014256	1766.255963	512.3564501	2043.691984	1738.958338	1459.253834	2131.055349	802.5834575	1669.416917	1035.115603	2105.24527	526.2561533	1683.66006	1240.802372	1843.868841	1704.050289	58.9085748	896.4549895	2008.737013	2160.946294	2159.557253	1237.054407	1020.85423	2161.55083	2091.5273	2130.519137	1498.652231	2144.54146	1554.725144	1335.661652	1886.286415	342.5488126	1849.019331	837.7041775
