10568.72593	2621.96825	2236.634769	8861.831457	2512.011472	4050.899265	3922.99896	3036.820191	7890.0257	5208.644058	11334.70046	11407.28224	2112.69605	9642.33166	690.6510998	2324.846296	6664.39347	1559.399228	10361.81031	632.9618379	9747.842064	3574.954962	5786.590403	6287.894337	8425.640023	1443.102137	2451.253115	3336.523223	1347.015424	8279.022447	4169.782836	11362.60567	11388.16164	6768.806988	1427.916227	3303.51217	3221.14324	1110.057482	3379.351473	3228.134029	6335.207807	5265.826616	3251.421514	10838.3684	7065.750085	5805.487757	6282.483738	9652.480382	2198.071386	9666.661242
903.1894876	358.9981947	156.4050192	917.731873	172.2699882	633.9842584	681.3054752	904.8518437	875.448107	679.7649121	871.7174485	718.8601988	772.002459	167.1155036	917.5066652	638.9736013	68.07078623	63.35316966	589.321045	603.2106947	636.8587453	913.4623404	615.3568168	903.5499038	611.9720741	251.6164998	794.305272	530.3035061	351.5936809	826.9766563	330.8275948	43.29462994	832.7181542	545.9853728	921.8329777	911.0437034	643.9174332	198.6705332	641.0913432	362.1595975	907.296689	911.5607338	228.6464715	879.0444007	628.8950392	9.354995252	914.4576577	76.08815278	871.8745926	350.08479
846.2925938	2304.800502	4121.469151	102.2432035	4597.647184	1401.462778	3097.212041	3658.907551	3948.383844	5923.528452	6459.084223	6786.659626	2067.073133	2902.528228	965.0503235	4821.558595	2525.402323	259.9258348	2568.575746	2327.378107	5828.54113	6331.225865	3147.886813	5730.605988	2501.635398	2858.92353	1940.990164	1341.282546	2155.092904	264.8616964	1900.118853	6143.949837	4600.738541	4822.351159	6133.502505	688.4881788	6682.790351	6200.229347	2281.004538	1349.545636	3804.2661	6535.389222	988.8108322	1967.162347	3564.807066	6744.316233	2451.474638	6686.362011	4057.212118	1124.377764
4333.433801	4444.136885	2834.133455	3479.971171	2931.876775	4445.026904	3836.339538	4419.320519	4429.605376	4399.868343	3786.570388	2870.000006	3026.171498	4387.637703	2276.879383	4393.9653	1359.226963	1498.903223	4409.987448	4356.930368	4266.394407	4426.846253	4416.891408	4099.869409	4319.681455	4249.304799	4446.400705	2765.137157	4320.342506	4044.005465	4277.233384	1289.859136	3174.843745	3471.963307	4465.824069	4434.857947	4439.965097	4343.182441	1959.206467	4038.309592	2657.656358	2672.623825	4040.259236	3330.265699	3337.321299	1260.171481	4431.284446	2177.674714	3644.411214	4005.146299
4486.532978	4998.944073	3983.482582	5001.441558	4069.162701	4893.656713	4455.219114	2996.762805	5008.245328	3435.098042	4800.173398	3125.768135	4735.072093	1584.166002	4846.826479	4967.300249	1131.655968	1190.450864	4205.808224	4741.906879	4874.981592	3279.307334	4986.385658	4921.680264	3506.231872	4734.93087	4906.320525	4991.921832	3072.248901	4971.644186	4961.48442	948.0629765	4888.596691	2992.156645	5014.062408	4424.742525	4669.542087	4569.902853	3048.232525	2666.5465	2822.844723	4943.256781	1814.918287	4683.119103	4499.638303	1010.750147	4887.795914	2260.046601	3393.602945	4117.106867
17167.40605	20655.82666	1228.21255	7099.186029	6522.771809	6332.941502	19428.3517	13594.06249	16531.42903	16428.28247	21940.05911	6186.639995	21280.43808	8620.632863	15891.17929	18826.72181	21355.02238	10894.10711	18529.59712	5026.045448	19178.30263	19588.7145	21780.65519	22059.50825	19301.22297	21359.76191	21040.16403	21059.90582	10411.31283	14687.80703	21451.6542	21463.64249	6107.942433	7352.747197	8134.71774	3556.122769	3696.770745	14967.49621	21282.46377	13341.51025	14776.75011	21759.27991	21382.57967	13474.23879	9639.095577	740.421106	21646.07411	9946.854513	19798.55953	7036.330049
1933.313481	2703.649218	54.85021039	984.5107728	2706.491313	868.7349279	2621.595069	2103.977634	586.4037705	2265.952288	2688.421241	912.9380047	2303.647491	1532.886778	2532.150415	1488.827356	2115.070721	979.9528493	1499.193374	687.4231579	2629.504433	2690.399227	2611.540684	2755.191395	1311.545336	2543.238696	2300.28476	1306.73891	1050.985518	2136.948628	2659.992836	1545.397924	621.3060218	1054.269538	634.2893738	764.4278206	690.0327517	672.4833941	1866.374689	2713.048984	2673.828469	2645.906724	738.7056112	2518.237713	820.8048191	78.76439176	1979.894491	1311.660977	2650.545683	682.6684149
4701.941474	6034.031786	4934.468631	4177.772506	5489.717349	6292.298934	1761.43231	3674.376837	4182.87711	4519.755635	5576.325192	6219.365407	4363.730273	6056.377395	2102.561911	5791.205742	5010.000299	857.96948	6095.082113	4582.466833	4242.945187	5117.014551	5738.004288	5850.49083	6171.714056	2954.668462	3277.620129	3714.245944	2070.678028	3732.672841	2958.232304	3582.473548	3831.234521	6103.650834	2402.517351	4705.222408	3451.386469	2717.895732	3111.443895	3168.359378	3709.689549	4821.658969	5818.800326	5498.647989	5039.293437	1384.98496	4167.024052	1702.197923	4561.597851	6318.916468
1460.822179	3218.627552	3273.144935	1829.079001	1889.000546	1927.29696	2815.565614	477.5184938	3134.411202	2573.346981	2573.287472	2325.665277	3342.142788	532.4603854	1648.273669	1890.821446	237.7448828	551.9825476	1104.462435	2194.861982	479.7294642	2583.259896	2369.080288	2755.49028	2271.909103	1618.136518	1512.89727	65.97879684	2223.849662	2404.388273	2137.415922	1220.310941	945.3282791	3079.888624	3070.210845	3180.785004	2827.411797	2878.615518	967.3947646	1786.314523	1309.212738	3167.99871	1248.28165	2308.907874	1818.099875	1347.628147	1972.627644	897.0268098	779.0634693	1621.829277
2605.837629	3497.886694	9529.061227	9397.095353	2386.191083	9498.74208	2915.268772	1131.927722	4998.955839	6434.109161	5773.389623	5807.03455	8776.977583	2182.021976	9037.240085	9458.910297	430.7405122	1627.046508	6171.273874	9368.272372	1688.893329	6929.519316	8205.522672	9556.62121	9160.898096	2734.226326	4878.904557	115.327257	8352.738488	6656.472776	8313.348882	3987.858599	5943.415688	5317.499793	9151.95064	7698.881671	9441.539034	5892.428251	3800.504612	4579.819157	1755.015804	6483.127845	7083.792068	8851.504442	8930.843251	3418.295767	3111.301028	9145.905067	2035.334409	2045.078394
300.3909744	650.1126088	603.9427566	378.3580844	102.7831891	401.3321588	274.7163516	274.5196431	682.2082861	688.4307767	679.1386736	614.6791058	223.2549857	195.2015751	430.7919724	502.8623695	410.1639173	245.4018935	692.3261708	601.1393267	295.2464923	286.9791966	570.0500166	320.5201484	349.115629	520.1574022	458.0442737	648.3488249	407.6905142	664.5099506	410.7644274	302.8282525	684.5147528	458.0437206	439.6861683	465.6532281	506.4848186	370.6239721	267.956152	444.8597149	378.0019862	694.6448078	290.4945976	495.5163588	603.1665113	661.6691676	505.3034152	430.0268957	608.929414	243.9122563
3443.610692	1418.966529	594.677871	3492.340506	1227.436587	3193.663854	3399.04055	2805.146416	3381.088419	2613.197029	3068.009464	1778.099683	3404.210548	3384.994594	3473.637049	3476.941562	575.821268	806.9758792	3425.103069	2328.24238	2993.198644	1841.834562	3460.395441	3203.281949	1716.550992	1977.927814	3470.705148	1871.073903	1440.874625	3304.985737	3401.791288	632.1252858	3441.318776	3200.921224	3475.342747	1837.788173	1596.836572	1108.988692	3230.561303	3416.109504	2441.690859	3249.717582	2777.942501	2980.861851	2273.441133	108.816331	2986.24502	441.3156434	3289.804932	1641.412992
1318.454934	1257.35077	1134.689598	1339.381334	481.2006008	850.5277639	1049.646791	1305.537401	1036.371866	1177.15976	456.005899	492.0695258	822.8188962	861.2375527	1325.902471	1214.433774	211.6716342	63.35447444	1134.799024	1320.540897	1324.785558	1312.999015	1121.283828	855.2429392	986.4412293	458.4515396	1330.979156	1263.425631	469.6767637	1274.378022	690.2179297	141.4462755	933.7572595	860.16835	1334.122177	882.227966	638.1947738	301.7503216	1326.891529	582.4927971	934.3742513	1324.103777	343.6863062	1305.066425	381.8849552	40.39554414	856.7077488	131.111832	746.6794761	1294.555065
1264.38065	2983.019217	4239.369582	3328.600914	403.7303176	4140.036834	934.0602383	277.5397452	1629.442366	1346.931304	616.6843751	986.773401	2222.637208	216.3064351	2402.455707	4204.578886	68.81662452	500.1186795	2229.150468	3828.956277	394.2207451	3636.676359	1323.195921	4017.049904	825.6349144	840.5233973	1845.320298	19.26218643	3420.943036	848.3292005	715.1770398	1126.216071	1203.177454	3036.834244	2502.963617	4273.628473	4239.745056	1824.829211	2828.294323	1070.057822	1119.724387	1698.397946	1044.113129	1211.444266	1853.967585	419.3837393	339.9842143	909.7342154	309.9293479	813.4037659
4687.42164	20317.57173	631.1284465	2852.10852	20095.25089	3015.956035	7944.251556	23005.62094	11397.82198	11016.65332	25042.03968	3118.078504	21584.75063	10477.36094	10790.77831	11083.97454	13502.68797	4599.682316	20075.3463	5525.512996	18938.6657	21446.21741	15302.82717	25627.71012	14346.27967	16689.39771	23453.07132	17682.59719	14408.21098	12134.21269	16018.17878	13784.26221	1356.296191	5912.566922	3044.346591	2855.501503	2579.058924	3900.569103	23290.70334	20228.73224	15166.87933	25113.46089	21747.27149	24530.60877	12180.06181	361.0240116	14899.72594	2868.342975	18406.57075	5075.646681
211.4746461	102.4214483	132.1674665	234.1018461	374.8756332	487.4716156	169.7049972	159.214439	422.9081657	529.3009945	241.0326891	229.9833769	233.1834419	257.2443329	70.93373535	182.7725933	10.68104644	621.1822605	649.7028363	393.9217493	265.4864848	202.9450502	756.8386021	75.79203609	734.4581157	671.5350222	501.7307561	359.0745892	93.32849295	639.2776397	379.8095404	554.5772007	785.7122433	406.1500019	353.626149	60.34012317	180.3217907	398.3737708	619.4203289	129.4362856	777.4568431	796.2497539	1.83667091	409.6571244	122.0061136	439.3872833	259.8301877	310.288592	153.5583725	777.7977869
1182.513776	1070.482241	310.5085451	2111.187513	261.1782027	1913.461569	1368.472141	1510.186025	1104.439715	2108.408388	937.925196	1085.079346	1445.239863	1485.710941	2108.975513	1184.102828	404.6731046	55.08547062	2100.201663	2056.811341	1204.935756	1003.565012	2061.97959	1770.271486	1299.04641	419.2978256	2109.167053	1596.338782	212.1448266	1792.231559	1251.586199	67.08418121	1622.161912	744.283113	2121.178183	2047.029917	807.3995098	324.6348809	1199.807684	568.0788013	1657.604447	2111.782968	631.1696673	1040.411012	824.9400565	26.92936015	906.1861672	175.1485066	664.2398126	492.8906517
1471.868457	1083.304426	1458.093275	1347.255099	687.3062985	1634.963918	1627.917465	1620.587898	1231.998068	1058.59435	1636.775832	1090.855843	1494.001145	431.5991911	1128.794835	1299.604236	263.1311027	262.3762849	1592.781722	1647.092207	1634.066869	1632.426587	1082.919842	1381.581414	799.9387759	606.883376	1312.13692	345.0260134	1549.075206	912.3718672	1133.214092	226.3238341	1138.905381	1638.129505	1650.327463	1619.599772	997.4338666	1010.582508	1547.003829	744.3314457	802.9231902	1359.809839	325.8856209	1602.340882	744.5018635	173.0803112	1069.832109	708.7259068	507.0324084	744.4450146
474.5699211	677.0270135	301.2194404	772.7406179	103.5820424	620.6110121	397.0540737	361.5811824	492.1100332	321.4256188	206.0828098	296.9843487	546.0004297	518.4168328	602.5755339	415.9025393	221.1756928	78.99082468	608.0206748	771.4810468	172.2594528	776.3763581	450.2044155	494.8202039	260.2707187	161.1116355	702.8518062	218.4566378	282.827586	235.6330035	383.6581048	83.35972545	185.0306905	656.203152	575.9192715	484.4247602	381.0305961	194.6844641	506.0316598	281.6913757	421.0034646	549.1692107	219.588957	315.1083566	554.3903111	135.3515279	281.4137654	396.8843488	290.8799514	369.0917943
1546.032075	3642.465077	3864.443049	2182.585398	614.5001434	3662.94236	1356.915902	531.1461357	2099.520704	2293.715888	3784.16494	1068.516686	3843.266231	435.0374915	3390.226427	3765.330178	764.2329912	1101.051288	3788.445948	3444.724551	951.4667305	3837.012301	3694.087083	3830.034778	1612.605905	3663.46637	3619.730313	46.35854287	3560.656044	2836.255947	1579.089566	1994.825303	2410.829174	3808.829734	3735.915088	2753.547252	2506.813672	2646.217992	2226.474338	1609.782011	1837.524689	3316.570103	1463.208881	2028.391041	3692.372321	754.4592185	420.8403752	2841.033599	622.4843627	2195.721777
